ply
format ascii 1.0
element vertex 976
property float32 x
property float32 y
property float32 z
element face 1527
property list uint8 int32 vertex_indices
end_header
457.097 295.356 -94.0461 
458.001 293.773 -105.535 
458.024 291.432 -102.249 
458 296.466 -105.838 
458.015 298.912 -103.075 
458.097 300.53 -98.0051 
458.286 300.835 -92.0219 
458.538 299.621 -86.7457 
458.73 297.139 -83.5599 
458.749 294.104 -83.268 
458.584 291.457 -85.9423 
458.333 289.981 -90.9122 
458.125 290.018 -96.8844 
461.094 292.739 -113.23 
461.029 288.773 -107.963 
461.104 297.191 -113.715 
461.037 301.303 -109.287 
461.067 304.191 -101.153 
461.357 304.936 -91.5813 
461.844 302.964 -83.2106 
462.245 298.574 -80.3813 
462.285 293.096 -81.0126 
461.937 288.382 -81.9445 
461.441 285.919 -89.8137 
461.1 286.2 -99.3565 
465.347 290.257 -117.155 
465.353 287.749 -117.328 
465.736 291.975 -125.079 
465.412 294.725 -118.835 
465.625 297.339 -123.214 
465.395 299.851 -118.421 
465.496 301.965 -128.439 
465.196 303.831 -111.36 
465.163 306.009 -108.604 
465.419 307.113 -93.8766 
467.574 305.783 -83.9249 
468.031 298.722 -78.3565 
468.127 292.524 -77.4172 
467.66 287.505 -81.2818 
465.515 284.174 -91.8038 
465.158 285.143 -107.765 
465.171 287.091 -109.492 
465.616 286.606 -123.041 
465.976 288.651 -128.569 
466.195 292.553 -134.941 
466.216 299.389 -131.557 
465.767 305.208 -121.701 
452.813 295.356 -95.2074 
453.717 293.773 -104.48 
453.74 291.432 -101.828 
453.717 296.466 -104.724 
453.732 298.912 -102.494 
453.814 300.53 -98.4026 
454.003 300.835 -93.5737 
454.255 299.621 -89.3155 
454.446 297.139 -86.7443 
454.465 294.104 -86.5087 
454.3 291.457 -88.6671 
454.049 289.981 -92.6781 
453.842 290.018 -97.4981 
456.81 292.739 -110.69 
456.745 288.773 -106.439 
456.82 297.191 -111.081 
456.754 301.303 -107.507 
456.784 304.191 -100.943 
457.073 304.936 -93.2181 
457.56 302.964 -86.4624 
457.961 298.574 -82.4237 
458.002 293.096 -82.0556 
457.654 288.382 -85.4405 
457.158 285.919 -91.7916 
456.817 286.2 -99.4933 
461.063 290.257 -113.858 
461.07 287.749 -113.997 
461.453 291.975 -120.253 
461.128 294.725 -115.214 
461.342 297.339 -118.747 
461.111 299.851 -114.879 
461.212 302.192 -116.735 
460.912 303.831 -109.181 
460.88 307.825 -107.865 
461.136 307.113 -95.0706 
463.29 305.783 -84.3702 
462.221 299.63 -81.599 
462.316 292.524 -80.2972 
463.376 286.143 -83.2926 
461.231 284.174 -93.3976 
460.875 283.781 -107.415 
460.887 287.091 -107.674 
461.332 286.606 -118.608 
461.693 290.013 -123.069 
461.912 295.05 -125.281 
461.933 299.389 -125.481 
461.484 303.392 -120.642 
585.041 293.99 -104.829 
561.797 303.973 -112.705 
561.12 306.237 -107.652 
558.521 308.444 -102.044 
560.798 303.794 -96.9841 
560.978 298.691 -93.4677 
559.904 293.27 -92.1937 
559.829 288.445 -93.4223 
557.809 283.733 -96.9181 
555.886 281.269 -101.991 
561.285 283.661 -107.63 
561.407 285.712 -112.71 
561.627 289.415 -116.219 
561.901 294.037 -117.465 
562.176 298.662 -116.208 
546.728 308.025 -116.366 
548.149 313.744 -110.264 
548.35 313.757 -99.4679 
599.587 309.738 -97.3113 
593.8 316.027 -93.2284 
597.466 308.102 -93.4135 
602.074 304.234 -97.7646 
599.773 301.624 -93.3927 
602.929 298.194 -97.5456 
600.486 292.24 -93.3063 
602.53 291.777 -97.0324 
599.183 283.086 -93.0055 
602.223 286.066 -97.1043 
595.894 275.878 -92.4155 
600.227 280.488 -96.621 
591.943 270.766 -92.0666 
597.959 277.572 -96.3039 
545.325 275.519 -99.3433 
545.324 275.506 -110.242 
545.544 279.202 -116.423 
545.941 285.874 -121.113 
546.635 294.202 -123.497 
546.931 302.536 -121.053 
525.201 313.185 -121.901 
525.476 317.823 -112.246 
525.477 317.84 -97.5127 
525.203 313.231 -84.207 
550.93 307.062 -89.72 
525.783 304.911 -76.0098 
552.333 301.589 -82.9326 
524.092 294.527 -73.1565 
552.638 293.661 -80.4564 
523.474 284.135 -76.3583 
551.343 285.928 -82.8074 
522.979 275.794 -83.9473 
548.346 279.839 -89.5458 
522.703 271.156 -97.3327 
522.702 271.139 -112.225 
522.976 275.748 -122 
524.939 284.068 -123.974 
525.556 294.453 -127.221 
526.173 304.845 -123.875 
500.397 313.472 -123.905 
500.672 318.11 -112.964 
500.673 318.126 -96.8035 
500.399 313.518 -82.2102 
500.173 305.197 -73.9263 
499.556 294.813 -70.753 
498.402 284.421 -73.7335 
498.175 276.08 -81.9427 
497.899 271.442 -96.6139 
497.898 271.426 -112.935 
498.425 276.034 -123.46 
500.135 284.354 -126.863 
500.752 294.739 -130.429 
501.369 305.131 -126.768 
484.159 310.027 -119.26 
480.329 313.746 -111.342 
478.051 313.759 -97.8744 
477.831 310.063 -85.2332 
476.898 303.391 -77.7835 
476.94 295.063 -75.1254 
475.639 286.73 -78.991 
476.047 280.041 -85.0416 
475.826 276.321 -97.7281 
480.383 276.308 -110.941 
483.894 280.004 -118.942 
478.922 286.676 -121.523 
478.404 295.004 -125.52 
478.9 303.338 -122.367 
469.057 303.533 -115.959 
468.927 305.597 -108.59 
462.09 305.604 -100.766 
461.969 303.553 -93.386 
461.749 299.85 -88.2621 
461.474 295.229 -86.4116 
461.199 290.604 -88.2089 
460.978 286.892 -93.306 
460.856 284.828 -100.695 
468.705 284.82 -108.908 
472.878 286.871 -114.877 
466.945 290.574 -117.097 
466.536 295.196 -117.308 
467.039 299.82 -117.236 
455.954 295.276 -104.829 
561.147 273.09 -106.14 
542.387 271.003 -101.766 
553.726 270.541 -106.898 
544.944 276.075 -96.6705 
524.947 275.828 -91.91 
524.51 269.547 -99.2297 
525.216 265.594 -107.842 
545.098 268.033 -109.389 
537.863 267.548 -110.708 
505.45 277.207 -90.6979 
505.002 270.589 -98.8471 
505.694 266.26 -106.199 
514.368 266.05 -118.349 
502.355 268.145 -113.613 
525.157 265.779 -117.242 
515.988 266 -112.911 
488.089 279.367 -93.8218 
487.721 273.817 -100.951 
490.343 270.241 -105.704 
491.985 270.288 -115.684 
502.172 266.369 -119.257 
476.297 281.701 -101.099 
476.09 278.529 -105.281 
480.223 276.22 -108.594 
485.183 275.702 -113.424 
582.257 271.649 -97.3977 
533.44 266.965 -112.621 
529.018 266.382 -114.535 
554.096 267.719 -109.389 
549.316 267.885 -112.76 
538.631 268.259 -115.934 
533.288 268.445 -117.52 
520.916 268.877 -120.099 
511.918 269.192 -120.694 
569.803 272.084 -103.599 
546.53 326.409 -99.8638 
535.221 325.466 -92.5833 
554.156 322.665 -98.7883 
517.219 327.321 -88.9855 
518.15 317.728 -78.6016 
538.179 317.765 -85.355 
517.614 333.38 -101.203 
537.7 330.064 -103.398 
530.423 330.655 -105.268 
497.78 325.324 -88.4428 
498.749 315.214 -76.8821 
498.133 331.956 -98.873 
494.94 329.005 -109.39 
506.795 332.458 -116.109 
508.413 332.567 -108.394 
517.57 333.095 -114.539 
480.743 320.029 -91.4278 
481.548 311.552 -81.3137 
483.085 325.551 -98.1705 
494.617 331.716 -117.397 
484.732 325.513 -112.328 
469.475 312.583 -97.5696 
469.932 307.738 -91.6374 
473.43 316.2 -102.27 
478.352 317.094 -109.122 
575.166 325.307 -86.3867 
521.48 332.254 -110.698 
525.951 331.454 -107.983 
546.679 330.731 -103.398 
541.909 330.377 -108.181 
531.247 329.584 -112.682 
525.916 329.188 -114.933 
513.57 328.27 -118.591 
504.591 327.603 -119.435 
562.738 324.384 -95.1834 
553.726 318.515 -106.898 
542.387 318.052 -101.766 
561.147 315.965 -106.14 
524.51 319.508 -99.2297 
524.947 313.227 -91.91 
544.944 312.98 -96.6705 
525.216 323.462 -107.842 
545.098 321.022 -109.389 
537.863 321.507 -110.708 
505.002 318.467 -98.8471 
505.45 311.848 -90.6979 
505.694 322.795 -106.199 
502.355 320.91 -113.613 
514.368 323.005 -118.349 
515.988 323.055 -112.911 
525.157 323.276 -117.242 
487.721 315.238 -100.951 
488.089 309.688 -93.8218 
490.343 318.815 -105.704 
502.172 322.686 -119.257 
491.985 318.767 -115.684 
476.09 310.526 -105.281 
476.297 307.354 -101.099 
480.223 312.836 -108.594 
485.183 313.353 -113.424 
582.257 317.406 -97.3977 
529.018 322.673 -114.535 
533.44 322.09 -112.621 
554.096 321.337 -109.389 
549.316 321.17 -112.76 
538.631 320.796 -115.934 
533.288 320.61 -117.52 
520.916 320.178 -120.099 
511.918 319.864 -120.694 
569.803 316.971 -103.599 
554.156 266.39 -98.7883 
535.221 263.589 -92.5833 
546.53 262.646 -99.8638 
538.179 271.291 -85.355 
518.15 271.327 -78.6016 
517.219 261.734 -88.9855 
517.614 255.675 -101.203 
537.7 258.991 -103.398 
530.423 258.4 -105.268 
498.749 273.841 -76.8821 
497.78 263.731 -88.4428 
498.133 257.099 -98.873 
506.795 256.598 -116.109 
494.94 260.051 -109.39 
517.57 255.96 -114.539 
508.413 256.488 -108.394 
481.548 277.503 -81.3137 
480.743 269.026 -91.4278 
483.085 263.504 -98.1705 
484.732 263.542 -112.328 
494.617 257.339 -117.397 
469.932 281.317 -91.6374 
469.475 276.472 -97.5696 
473.43 272.855 -102.27 
478.352 271.961 -109.122 
575.166 263.748 -86.3867 
525.951 257.601 -107.983 
521.48 256.801 -110.698 
546.679 258.324 -103.398 
541.909 258.679 -108.181 
531.247 259.471 -112.682 
525.916 259.867 -114.933 
513.57 260.785 -118.591 
504.591 261.452 -119.435 
562.738 264.672 -95.1834 
509.149 275.008 -144.102 
517.707 277.277 -140.259 
516.786 270.515 -140.275 
513.577 282.71 -140.331 
506.816 283.631 -140.449 
501.384 279.5 -140.544 
500.463 272.738 -140.56 
504.593 267.306 -140.488 
511.354 266.385 -140.37 
521.122 278.217 -131.281 
519.82 268.654 -131.304 
515.282 285.9 -131.383 
505.721 287.202 -131.55 
498.039 281.361 -131.684 
496.736 271.798 -131.707 
502.577 264.115 -131.605 
512.138 262.813 -131.438 
517.395 277.277 -122.429 
516.474 270.515 -122.445 
513.266 282.71 -122.501 
506.505 283.631 -122.619 
501.073 279.5 -122.714 
500.152 272.738 -122.73 
504.282 267.306 -122.657 
511.043 266.385 -122.539 
508.709 275.008 -118.886 
506.709 276.434 -294.265 
510.721 278.78 -294.09 
511.403 275.299 -294.269 
509.415 272.362 -294.448 
505.922 271.688 -294.522 
502.97 273.673 -294.448 
502.288 277.154 -294.269 
504.276 280.091 -294.09 
507.769 280.765 -294.016 
547.929 284.683 -300.237 
548.028 284.652 -299.815 
548.103 284.29 -299.825 
547.982 284.427 -300.245 
513.206 274.498 -291.513 
510.395 270.344 -291.766 
505.455 269.391 -291.871 
485.256 245.015 -302.569 
485.11 244.296 -302.542 
484.438 244.747 -302.542 
484.781 245.334 -302.569 
462.53 268.591 -303.103 
462.289 268.07 -302.828 
462.195 268.55 -302.826 
462.464 268.93 -303.101 
470.53 302.287 -300.772 
470.304 301.899 -300.747 
470.515 302.21 -300.746 
470.679 302.507 -300.771 
503.127 281.275 -291.26 
508.067 282.228 -291.155 
512.242 279.421 -291.26 
510.552 277.946 -288.578 
511.234 274.465 -288.757 
509.246 271.527 -288.937 
505.753 270.854 -289.011 
502.8 272.839 -288.937 
501.28 272.198 -291.766 
502.118 276.32 -288.757 
500.315 277.121 -291.513 
504.106 279.257 -288.578 
507.599 279.931 -288.504 
506.641 275.22 -287.616 
484.708 270.769 -299.088 
483.018 269.294 -296.407 
482.054 274.217 -296.154 
484.026 274.25 -298.909 
486.327 288.642 -298.265 
484.354 288.61 -295.51 
487.165 292.764 -295.256 
488.314 291.58 -298.086 
495.953 257.389 -299.531 
495.485 255.092 -296.88 
491.31 257.899 -296.775 
493 259.374 -299.457 
529.716 283.076 -298.047 
531.237 283.717 -295.218 
532.201 278.794 -295.471 
530.398 279.596 -298.226 
509.574 275.065 -289.563 
509.854 276.686 -289.563 
510.938 276.686 -206.79 
510.657 275.065 -206.79 
508.59 277.739 -289.563 
509.674 277.739 -206.79 
507.046 277.171 -289.563 
508.13 277.171 -206.79 
506.766 275.55 -289.563 
507.85 275.55 -206.79 
508.03 274.497 -289.563 
509.113 274.497 -206.79 
509.036 269.696 -203.059 
511.801 271.496 -206.377 
513.337 271.496 -203.45 
512.354 271.496 -200.294 
509.427 271.496 -198.758 
506.271 271.496 -199.741 
504.734 271.496 -202.668 
505.718 271.496 -205.824 
508.645 271.496 -207.36 
512.946 275.841 -207.751 
515.118 275.841 -203.612 
513.728 275.841 -199.149 
509.589 275.841 -196.976 
505.125 275.841 -198.367 
502.953 275.841 -202.506 
504.343 275.841 -206.969 
508.483 275.841 -209.142 
511.801 280.187 -206.377 
513.337 280.187 -203.45 
512.354 280.187 -200.294 
509.427 280.187 -198.758 
506.271 280.187 -199.741 
504.734 280.187 -202.668 
505.718 280.187 -205.824 
508.645 280.187 -207.36 
509.036 281.987 -203.059 
509.574 275.065 -202.092 
509.854 276.686 -202.092 
510.938 276.686 -119.32 
510.657 275.065 -119.32 
508.59 277.739 -202.092 
509.674 277.739 -119.32 
507.046 277.171 -202.092 
508.13 277.171 -119.32 
506.766 275.55 -202.092 
507.85 275.55 -119.32 
508.03 274.497 -202.092 
509.113 274.497 -119.32 
511.403 313.913 -294.269 
510.721 310.432 -294.09 
506.709 312.778 -294.265 
509.415 316.851 -294.448 
505.922 317.524 -294.522 
502.97 315.539 -294.448 
502.288 312.059 -294.269 
504.276 309.121 -294.09 
507.769 308.447 -294.016 
548.103 304.922 -299.825 
548.028 304.56 -299.815 
547.929 304.53 -300.237 
547.982 304.786 -300.245 
510.395 318.869 -291.766 
513.206 314.714 -291.513 
505.455 319.821 -291.871 
484.438 344.465 -302.542 
485.11 344.917 -302.542 
485.256 344.197 -302.569 
484.781 343.878 -302.569 
462.195 320.662 -302.826 
462.289 321.142 -302.828 
462.53 320.622 -303.103 
462.464 320.282 -303.101 
470.515 287.002 -300.746 
470.304 287.314 -300.747 
470.53 286.926 -300.772 
470.679 286.705 -300.771 
508.067 306.985 -291.155 
503.127 307.937 -291.26 
512.242 309.792 -291.26 
511.234 314.747 -288.757 
510.552 311.267 -288.578 
509.246 317.685 -288.937 
505.753 318.358 -289.011 
502.8 316.373 -288.937 
501.28 317.014 -291.766 
502.118 312.893 -288.757 
500.315 312.092 -291.513 
504.106 309.955 -288.578 
507.599 309.282 -288.504 
506.641 313.993 -287.616 
484.708 318.443 -299.088 
483.018 319.918 -296.407 
482.054 314.995 -296.154 
484.026 314.962 -298.909 
486.327 300.57 -298.265 
484.354 300.603 -295.51 
487.165 296.448 -295.256 
488.314 297.632 -298.086 
495.953 331.824 -299.531 
495.485 334.121 -296.88 
491.31 331.313 -296.775 
493 329.839 -299.457 
529.716 306.136 -298.047 
531.237 305.495 -295.218 
532.201 310.418 -295.471 
530.398 309.617 -298.226 
510.938 313.101 -206.79 
509.854 313.101 -289.563 
509.574 314.722 -289.563 
510.657 314.722 -206.79 
509.674 312.047 -206.79 
508.59 312.047 -289.563 
508.13 312.615 -206.79 
507.046 312.615 -289.563 
507.85 314.236 -206.79 
506.766 314.236 -289.563 
509.113 315.29 -206.79 
508.03 315.29 -289.563 
513.337 318.29 -203.45 
509.036 307.799 -203.059 
508.645 309.599 -207.36 
512.354 318.29 -200.294 
509.427 318.29 -198.758 
506.271 318.29 -199.741 
504.734 318.29 -202.668 
505.718 318.29 -205.824 
508.645 318.29 -207.36 
515.118 313.945 -203.612 
512.946 313.945 -207.751 
513.728 313.945 -199.149 
509.589 313.945 -196.976 
505.125 313.945 -198.367 
502.953 313.945 -202.506 
504.343 313.945 -206.969 
508.483 313.945 -209.142 
513.337 309.599 -203.45 
511.801 309.599 -206.377 
512.354 309.599 -200.294 
509.427 309.599 -198.758 
506.271 309.599 -199.741 
504.734 309.599 -202.668 
505.718 309.599 -205.824 
509.149 313.272 -145.036 
517.707 315.541 -141.192 
516.786 308.779 -141.208 
513.577 320.973 -141.264 
506.816 321.894 -141.382 
501.384 317.764 -141.477 
500.463 311.002 -141.493 
504.593 305.57 -141.421 
511.354 304.648 -141.303 
521.122 316.481 -132.215 
519.82 306.918 -132.237 
515.282 324.164 -132.317 
505.721 325.466 -132.484 
498.039 319.625 -132.618 
496.736 310.062 -132.64 
502.577 302.379 -132.538 
512.138 301.077 -132.372 
517.395 315.541 -123.362 
516.474 308.779 -123.378 
513.266 320.973 -123.434 
506.505 321.894 -123.552 
501.073 317.764 -123.647 
500.152 311.002 -123.663 
504.282 305.57 -123.591 
511.043 304.648 -123.473 
508.709 313.272 -119.82 
510.938 313.101 -119.32 
509.854 313.101 -202.092 
509.574 314.722 -202.092 
510.657 314.722 -119.32 
509.674 312.047 -119.32 
508.59 312.047 -202.092 
508.13 312.615 -119.32 
507.046 312.615 -202.092 
507.85 314.236 -119.32 
506.766 314.236 -202.092 
509.113 315.29 -119.32 
508.03 315.29 -202.092 
399.978 287.766 3.82749 
401.198 286.072 -6.80352 
407.998 287.766 -5.82795 
393.408 286.072 5.19047 
405.167 286.072 -9.27585 
408.037 286.072 -8.52238 
395.943 286.15 20.1009 
404.547 283.902 13.1001 
397.863 295.259 20.717 
407.158 295.259 13.559 
415.065 293.643 4.28855 
413.079 281.473 3.77003 
421.071 279.405 -2.49538 
423.734 292.297 -2.12859 
397.55 282.286 9.66306 
402.148 282.286 10.7977 
397.398 284.535 21.071 
405.516 279.858 -0.831303 
409.421 279.858 0.535941 
412.252 277.789 -8.58659 
416.435 277.789 -6.85033 
400.379 283.902 9.76358 
402.663 283.902 12.4282 
408.911 281.473 0.433523 
411.196 281.473 3.09818 
416.903 279.405 -5.83189 
419.187 279.405 -3.16724 
381.393 290.515 21.4896 
382.811 289.841 22.8716 
380.08 292.068 24.5518 
384.046 289.869 26.7138 
386.447 289.841 24.9206 
389.351 286.726 27.6427 
390.467 289.841 23.798 
394.365 283.374 24.7853 
375.488 292.568 21.4854 
377.706 289.572 26.8753 
374.125 298.96 26.8034 
371.555 298.96 24.3446 
380.401 298.96 30.6217 
386.011 288.132 29.9633 
388.878 298.96 32.2781 
394.35 286.603 28.5677 
397.353 298.96 30.8599 
405.133 284.535 23.6884 
408.319 298.96 25.9499 
416.813 282.286 18.1463 
420.198 298.96 20.3746 
392.516 289.841 20.1615 
396.829 282.84 22.7334 
398.878 282.84 19.0969 
397.756 282.84 15.0767 
391.394 289.841 16.1413 
394.119 282.84 13.0278 
387.757 289.841 14.0924 
432.657 298.96 12.1398 
429.058 279.858 9.94749 
439.84 277.789 5.06818 
443.623 297.682 7.22989 
399.391 284.535 8.8763 
404.775 284.535 15.046 
411.071 282.286 3.33428 
415.214 282.286 6.9816 
424.954 279.858 -3.22777 
428.256 279.858 0.287305 
436.092 277.789 -7.62038 
439.482 277.789 -3.57415 
413.019 282.286 13.2145 
414.867 282.286 16.8639 
425.263 279.858 5.0156 
427.111 279.858 8.66503 
436.046 277.789 0.13629 
437.894 277.789 3.78572 
398.179 287.766 2.18768 
399.399 286.072 -8.44333 
406.199 287.766 -7.46776 
391.608 286.072 3.55066 
403.368 286.072 -10.9157 
406.237 286.072 -10.1622 
402.565 287.766 6.02877 
403.785 286.072 -4.60224 
410.585 287.766 -3.62668 
395.994 286.072 7.39174 
407.754 286.072 -7.07457 
410.623 286.072 -6.32111 
390.77 289.841 8.16598 
388.702 289.841 10.2639 
406.034 287.052 21.5883 
418.266 295.513 15.3671 
407.089 294.975 23.3873 
416.755 285.548 13.6443 
426.24 284.266 8.98216 
427.913 295.244 10.6778 
402.572 287.052 16.6008 
413.293 285.548 8.65687 
404.281 287.052 20.2734 
415.002 285.548 12.3295 
422.778 284.266 3.99469 
424.487 284.266 7.66729 
407.998 308.876 -5.82795 
401.198 310.57 -6.80352 
399.978 308.876 3.82749 
393.408 310.57 5.19047 
405.167 310.57 -9.27585 
408.037 310.57 -8.52238 
396.987 301.383 21.9028 
404.339 312.74 14.9293 
395.13 310.491 21.1134 
406.897 301.383 15.6252 
415.62 302.999 7.11718 
413.69 315.168 6.41913 
422.221 317.237 0.911221 
424.839 304.345 1.52017 
396.491 312.107 22.2126 
402.161 314.356 12.4171 
397.686 314.356 10.8665 
406.579 316.784 1.14505 
410.343 316.784 2.86388 
413.996 318.853 -5.96138 
418.003 318.853 -3.84963 
402.525 312.74 14.0879 
400.494 312.74 11.2254 
409.844 315.168 2.71524 
411.875 315.168 5.57773 
418.375 317.237 -2.79267 
420.406 317.237 0.0698105 
380.08 304.573 24.5518 
382.811 306.801 22.8716 
381.393 306.127 21.4896 
384.046 306.773 26.7138 
386.447 306.801 24.9206 
389.351 309.916 27.6427 
390.467 306.801 23.798 
394.365 313.268 24.7853 
375.488 304.074 21.4854 
377.706 307.07 26.8753 
386.011 308.509 29.9633 
394.35 310.038 28.5677 
405.133 312.107 23.6884 
416.813 314.356 18.1463 
392.516 306.801 20.1615 
396.829 313.801 22.7334 
398.878 313.801 19.0969 
397.756 313.801 15.0767 
391.394 306.801 16.1413 
394.119 313.801 13.0278 
387.757 306.801 14.0924 
429.058 316.784 9.94749 
439.84 318.853 5.06818 
443.623 298.96 7.22989 
404.775 312.107 15.046 
399.391 312.107 8.8763 
411.071 314.356 3.33428 
415.214 314.356 6.9816 
424.954 316.784 -3.22777 
428.256 316.784 0.287305 
436.092 318.853 -7.62038 
439.482 318.853 -3.57415 
414.867 314.356 16.8639 
413.019 314.356 13.2145 
425.263 316.784 5.0156 
427.111 316.784 8.66503 
436.046 318.853 0.13629 
437.894 318.853 3.78572 
406.199 308.876 -7.46776 
399.399 310.57 -8.44333 
398.179 308.876 2.18768 
391.608 310.57 3.55066 
403.368 310.57 -10.9157 
406.237 310.57 -10.1622 
410.585 308.876 -3.62668 
403.785 310.57 -4.60224 
402.565 308.876 6.02877 
395.994 310.57 7.39174 
407.754 310.57 -7.07457 
410.623 310.57 -6.32111 
388.702 306.801 10.2639 
390.77 306.801 8.16598 
407.089 301.667 23.3873 
418.266 301.129 15.3671 
406.034 309.589 21.5883 
416.755 311.094 13.6443 
426.24 312.375 8.98216 
427.913 301.398 10.6778 
404.281 309.589 20.2734 
413.293 311.094 8.65687 
402.572 309.589 16.6008 
415.002 311.094 12.3295 
422.778 312.375 3.99469 
424.487 312.375 7.66729 
335.625 298.71 8.78015 
324.2 298.71 3.59063 
336.763 295.757 6.52172 
337.952 294.152 4.82736 
336.763 300.885 6.52172 
337.952 302.49 4.82736 
371.483 290.219 13.8921 
370.259 298.71 22.6543 
362.885 298.71 19.8032 
359.512 292.244 12.4501 
350.791 298.71 14.8738 
351.299 293.451 10.7881 
343.558 298.71 11.7684 
344.333 294.55 8.5094 
345.191 292.643 7.02197 
348.687 292.093 7.75807 
355.912 290.617 8.7938 
372.383 287.577 11.14 
363.909 289.045 9.92627 
380.814 289.453 16.0083 
380.474 290.515 19.071 
374.276 292.568 18.8584 
384.499 286.268 10.4742 
386.243 288.392 14.1519 
360.005 289.743 9.15584 
352.391 291.22 8.58676 
371.483 306.423 13.8921 
359.512 304.398 12.4501 
351.299 303.191 10.7881 
344.333 302.092 8.5094 
345.191 303.999 7.02197 
348.687 304.549 7.75807 
355.912 306.025 8.7938 
363.909 307.597 9.92627 
372.383 309.064 11.14 
380.474 306.127 19.071 
380.814 307.189 16.0083 
374.276 304.074 18.8584 
386.243 308.25 14.1519 
384.499 310.374 10.4742 
360.005 306.898 9.15584 
352.391 305.422 8.58676 
345.685 292.351 6.23718 
352.912 290.605 7.76461 
360.238 288.858 8.15109 
365.705 287.462 9.12116 
372.711 286.552 9.76715 
387.334 286.294 19.6044 
388.943 287.333 17.68 
389.832 287.333 19.3813 
389.258 287.333 21.2133 
387.557 287.333 22.1028 
385.725 287.333 21.5287 
384.836 287.333 19.8274 
385.41 287.333 17.9954 
387.111 287.333 17.106 
384.613 289.841 17.329 
383.801 289.841 19.9198 
385.059 289.841 22.3258 
387.019 289.841 16.0711 
389.609 289.841 16.8829 
390.867 289.841 19.2889 
390.055 289.841 21.8797 
387.649 289.841 23.1376 
345.685 304.291 6.23718 
352.912 306.037 7.76461 
360.238 307.783 8.15109 
365.705 309.18 9.12116 
372.711 310.09 9.76715 
389.832 309.309 19.3813 
388.943 309.309 17.68 
387.334 310.348 19.6044 
389.258 309.309 21.2133 
387.557 309.309 22.1028 
385.725 309.309 21.5287 
384.836 309.309 19.8274 
385.41 309.309 17.9954 
387.111 309.309 17.106 
384.613 306.801 17.329 
383.801 306.801 19.9198 
385.059 306.801 22.3258 
387.019 306.801 16.0711 
389.609 306.801 16.8829 
390.867 306.801 19.2889 
390.055 306.801 21.8797 
387.649 306.801 23.1376 
391.116 303.472 6.99514 
382.995 303.403 8.26771 
391.488 305.591 8.73593 
382.824 305.055 10.0703 
390.481 306.778 9.70216 
382.67 305.696 10.9394 
387.659 298.266 1.46088 
379.537 298.198 2.73345 
382.995 293.238 8.26771 
391.116 293.306 6.99514 
391.333 291.031 8.75358 
382.824 291.587 10.0703 
390.249 290.39 9.72864 
382.67 290.945 10.9394 
458.077 295.145 -86.416 
453.036 298.338 -90.8591 
454.522 298.338 -85.549 
399.866 303.472 9.77192 
399.341 305.591 10.9113 
397.991 306.778 10.5578 
454.677 295.211 -94.4189 
453.036 292.231 -90.8591 
454.565 292.429 -85.4981 
399.975 293.637 9.75946 
399.245 291.031 10.7884 
397.847 290.39 10.3735 
403.147 303.361 9.39805 
401.903 298.156 4.03217 
404.419 298.046 3.74553 
403.366 293.196 9.37313 
394.999 301.2 -2.69153 
400.255 301.2 -1.02341 
401.479 298.007 -4.4715 
392.922 298.073 -6.01617 
394.999 295.094 -2.69153 
400.321 295.292 -1.0309 
398.631 300.818 -17.0486 
403.887 300.818 -15.3805 
405.111 297.625 -18.8286 
396.554 297.691 -20.3732 
398.631 294.711 -17.0486 
403.952 294.91 -15.388 
402.245 300.494 -29.9936 
407.308 300.494 -27.8073 
408.871 297.301 -31.1154 
400.512 297.367 -33.5096 
402.245 294.388 -29.9936 
407.374 294.586 -27.8081 
409.359 300.012 -45.7151 
413.856 300.012 -42.524 
416.073 296.819 -45.4348 
408.395 296.885 -49.5146 
409.359 293.905 -45.7151 
413.921 294.103 -42.5111 
419.085 299.575 -58.3117 
424.304 299.575 -56.5293 
425.602 296.381 -59.9498 
417.081 296.448 -61.6808 
419.085 293.468 -58.3117 
424.37 293.666 -56.5353 
431.865 299.008 -76.2284 
435.058 299.008 -71.7331 
438.111 295.815 -73.7503 
432.207 295.881 -80.1335 
431.865 292.901 -76.2284 
435.115 293.1 -71.6995 
375.769 294.505 6.10943 
371.372 298.198 2.54465 
370.644 295.26 5.01447 
366.45 298.198 2.52191 
366.081 295.947 4.5842 
361.155 298.198 2.25752 
361.244 296.702 3.83645 
353.308 298.198 2.38459 
361.503 295.698 5.10458 
366.202 294.754 5.65117 
368.391 294.411 6.10074 
372.793 293.487 7.30858 
377.661 292.504 8.65319 
375.23 292.941 8.12146 
370.722 293.865 6.54931 
375.769 302.137 6.10943 
370.644 301.382 5.01447 
366.081 300.695 4.5842 
361.244 299.94 3.83645 
361.503 300.944 5.10458 
366.202 301.887 5.65117 
368.391 302.231 6.10074 
372.793 303.155 7.30858 
377.661 304.137 8.65319 
375.23 303.701 8.12146 
370.722 302.777 6.54931 
366.29 294.572 6.22445 
370.816 293.48 7.1507 
375.113 292.388 8.75596 
378.491 291.514 9.56282 
366.29 302.07 6.22445 
370.816 303.162 7.1507 
375.113 304.254 8.75596 
378.491 305.128 9.56282 
3 0 1 2 
3 0 3 1 
3 0 4 3 
3 0 5 4 
3 0 6 5 
3 0 7 6 
3 0 8 7 
3 0 9 8 
3 0 10 9 
3 0 11 10 
3 0 12 11 
3 0 2 12 
3 2 13 14 
3 2 1 13 
3 1 15 13 
3 1 3 15 
3 3 16 15 
3 3 4 16 
3 4 17 16 
3 4 5 17 
3 5 18 17 
3 5 6 18 
3 6 19 18 
3 6 7 19 
3 7 20 19 
3 7 8 20 
3 8 21 20 
3 8 9 21 
3 9 22 21 
3 9 10 22 
3 10 23 22 
3 10 11 23 
3 11 24 23 
3 11 12 24 
3 12 14 24 
3 12 2 14 
3 14 25 26 
3 13 27 25 
3 13 28 27 
3 15 29 28 
3 15 30 29 
3 16 31 30 
3 16 32 31 
3 17 33 32 
3 17 34 33 
3 17 18 34 
3 18 35 34 
3 18 19 35 
3 19 36 35 
3 19 20 36 
3 20 37 36 
3 20 21 37 
3 21 38 37 
3 21 22 38 
3 22 39 38 
3 22 23 39 
3 23 40 39 
3 23 24 40 
3 24 41 40 
3 14 26 41 
3 25 14 13 
3 28 13 15 
3 30 15 16 
3 32 16 17 
3 41 24 14 
3 42 40 41 
3 43 26 25 
3 44 27 28 
3 45 29 30 
3 46 31 32 
3 46 32 33 
3 47 48 49 
3 47 50 48 
3 47 51 50 
3 47 52 51 
3 47 53 52 
3 47 54 53 
3 47 55 54 
3 47 56 55 
3 47 57 56 
3 47 58 57 
3 47 59 58 
3 47 49 59 
3 49 60 61 
3 49 48 60 
3 48 62 60 
3 48 50 62 
3 50 63 62 
3 50 51 63 
3 51 64 63 
3 51 52 64 
3 52 65 64 
3 52 53 65 
3 53 66 65 
3 53 54 66 
3 54 67 66 
3 54 55 67 
3 55 68 67 
3 55 56 68 
3 56 69 68 
3 56 57 69 
3 57 70 69 
3 57 58 70 
3 58 71 70 
3 58 59 71 
3 59 61 71 
3 59 49 61 
3 61 72 73 
3 60 74 72 
3 60 75 74 
3 62 76 75 
3 62 77 76 
3 63 78 77 
3 63 79 78 
3 64 80 79 
3 64 81 80 
3 64 65 81 
3 65 82 81 
3 65 66 82 
3 66 83 82 
3 66 67 83 
3 67 84 83 
3 67 68 84 
3 68 85 84 
3 68 69 85 
3 69 86 85 
3 69 70 86 
3 70 87 86 
3 70 71 87 
3 71 88 87 
3 61 73 88 
3 72 61 60 
3 75 60 62 
3 77 62 63 
3 79 63 64 
3 88 71 61 
3 89 87 88 
3 90 73 72 
3 91 74 75 
3 92 76 77 
3 93 78 79 
3 93 79 80 
3 94 95 96 
3 94 96 97 
3 94 97 98 
3 94 98 99 
3 94 99 100 
3 94 100 101 
3 94 101 102 
3 94 102 103 
3 94 103 104 
3 94 104 105 
3 94 105 106 
3 94 106 107 
3 94 107 108 
3 94 108 95 
3 95 109 110 
3 95 110 96 
3 96 110 111 
3 96 111 97 
3 112 113 114 
3 112 114 115 
3 115 114 116 
3 115 116 117 
3 117 116 118 
3 117 118 119 
3 119 118 120 
3 119 120 121 
3 121 120 122 
3 121 122 123 
3 123 122 124 
3 123 124 125 
3 103 126 127 
3 103 127 104 
3 104 127 128 
3 104 128 105 
3 105 128 129 
3 105 129 106 
3 106 129 130 
3 106 130 107 
3 107 130 131 
3 107 131 108 
3 108 131 109 
3 108 109 95 
3 109 132 133 
3 109 133 110 
3 110 133 134 
3 110 134 111 
3 111 134 135 
3 111 135 136 
3 136 135 137 
3 136 137 138 
3 138 137 139 
3 138 139 140 
3 140 139 141 
3 140 141 142 
3 142 141 143 
3 142 143 144 
3 144 143 145 
3 144 145 126 
3 126 145 146 
3 126 146 127 
3 127 146 147 
3 127 147 128 
3 128 147 148 
3 128 148 129 
3 129 148 149 
3 129 149 130 
3 130 149 150 
3 130 150 131 
3 131 150 132 
3 131 132 109 
3 132 151 152 
3 132 152 133 
3 133 152 153 
3 133 153 134 
3 134 153 154 
3 134 154 135 
3 135 154 155 
3 135 155 137 
3 137 155 156 
3 137 156 139 
3 139 156 157 
3 139 157 141 
3 141 157 158 
3 141 158 143 
3 143 158 159 
3 143 159 145 
3 145 159 160 
3 145 160 146 
3 146 160 161 
3 146 161 147 
3 147 161 162 
3 147 162 148 
3 148 162 163 
3 148 163 149 
3 149 163 164 
3 149 164 150 
3 150 164 151 
3 150 151 132 
3 151 165 166 
3 151 166 152 
3 152 166 167 
3 152 167 153 
3 153 167 168 
3 153 168 154 
3 154 168 169 
3 154 169 155 
3 155 169 170 
3 155 170 156 
3 156 170 171 
3 156 171 157 
3 157 171 172 
3 157 172 158 
3 158 172 173 
3 158 173 159 
3 159 173 174 
3 159 174 160 
3 160 174 175 
3 160 175 161 
3 161 175 176 
3 161 176 162 
3 162 176 177 
3 162 177 163 
3 163 177 178 
3 163 178 164 
3 164 178 165 
3 164 165 151 
3 165 179 180 
3 165 180 166 
3 166 180 181 
3 166 181 167 
3 167 181 182 
3 167 182 168 
3 168 182 183 
3 168 183 169 
3 169 183 184 
3 169 184 170 
3 170 184 185 
3 170 185 171 
3 171 185 186 
3 171 186 172 
3 172 186 187 
3 172 187 173 
3 173 187 188 
3 173 188 174 
3 174 188 189 
3 174 189 175 
3 175 189 190 
3 175 190 176 
3 176 190 191 
3 176 191 177 
3 177 191 192 
3 177 192 178 
3 178 192 179 
3 178 179 165 
3 193 192 191 
3 193 191 190 
3 193 190 189 
3 193 189 188 
3 193 188 187 
3 193 187 186 
3 193 186 185 
3 193 185 184 
3 193 184 183 
3 193 183 182 
3 193 182 181 
3 193 181 180 
3 193 180 179 
3 193 179 192 
3 112 97 111 
3 111 113 112 
3 113 111 136 
3 136 114 113 
3 115 98 97 
3 97 112 115 
3 114 136 138 
3 138 116 114 
3 117 99 98 
3 98 115 117 
3 116 138 140 
3 140 118 116 
3 119 100 99 
3 99 117 119 
3 118 140 142 
3 142 120 118 
3 121 101 100 
3 100 119 121 
3 120 142 144 
3 144 122 120 
3 123 102 101 
3 101 121 123 
3 122 144 126 
3 126 124 122 
3 124 126 103 
3 103 125 124 
3 125 103 102 
3 102 123 125 
3 194 195 196 
3 197 198 199 
3 197 199 195 
3 195 199 200 
3 195 200 201 
3 201 200 202 
3 198 203 204 
3 198 204 199 
3 199 204 205 
3 199 205 200 
3 206 205 207 
3 208 200 209 
3 203 210 211 
3 203 211 204 
3 204 211 212 
3 204 212 205 
3 212 213 214 
3 212 214 207 
3 210 215 216 
3 210 216 211 
3 211 216 217 
3 211 217 212 
3 212 217 218 
3 212 218 213 
3 219 197 195 
3 220 200 221 
3 196 195 201 
3 205 206 209 
3 221 200 208 
3 202 200 220 
3 201 222 196 
3 202 223 201 
3 220 223 202 
3 220 221 224 
3 208 225 221 
3 206 226 208 
3 214 227 206 
3 207 205 212 
3 207 214 206 
3 209 200 205 
3 209 206 208 
3 194 228 195 
3 229 230 231 
3 232 233 234 
3 230 232 234 
3 235 232 230 
3 236 235 230 
3 237 235 236 
3 238 239 233 
3 232 238 233 
3 240 238 232 
3 235 240 232 
3 241 240 242 
3 243 235 244 
3 245 246 239 
3 238 245 239 
3 247 245 238 
3 240 247 238 
3 248 249 247 
3 241 248 247 
3 250 251 246 
3 245 250 246 
3 252 250 245 
3 247 252 245 
3 253 252 247 
3 249 253 247 
3 230 234 254 
3 255 235 256 
3 236 230 229 
3 243 242 240 
3 244 235 255 
3 256 235 237 
3 229 257 236 
3 236 258 237 
3 237 258 256 
3 259 255 256 
3 255 260 244 
3 244 261 242 
3 242 262 248 
3 247 240 241 
3 242 248 241 
3 240 235 243 
3 244 242 243 
3 230 263 231 
3 264 265 266 
3 267 268 269 
3 265 267 269 
3 270 267 265 
3 271 270 265 
3 272 270 271 
3 273 274 268 
3 267 273 268 
3 275 273 267 
3 270 275 267 
3 276 275 277 
3 278 270 279 
3 280 281 274 
3 273 280 274 
3 282 280 273 
3 275 282 273 
3 283 284 282 
3 276 283 282 
3 285 286 281 
3 280 285 281 
3 287 285 280 
3 282 287 280 
3 288 287 282 
3 284 288 282 
3 265 269 289 
3 290 270 291 
3 271 265 264 
3 278 277 275 
3 279 270 290 
3 291 270 272 
3 264 292 271 
3 271 293 272 
3 272 293 291 
3 294 290 291 
3 290 295 279 
3 279 296 277 
3 277 297 283 
3 282 275 276 
3 277 283 276 
3 275 270 278 
3 279 277 278 
3 265 298 266 
3 299 300 301 
3 302 303 304 
3 302 304 300 
3 300 304 305 
3 300 305 306 
3 306 305 307 
3 303 308 309 
3 303 309 304 
3 304 309 310 
3 304 310 305 
3 311 310 312 
3 313 305 314 
3 308 315 316 
3 308 316 309 
3 309 316 317 
3 309 317 310 
3 317 318 319 
3 317 319 312 
3 315 320 321 
3 315 321 316 
3 316 321 322 
3 316 322 317 
3 317 322 323 
3 317 323 318 
3 324 302 300 
3 325 305 326 
3 301 300 306 
3 310 311 314 
3 326 305 313 
3 307 305 325 
3 306 327 301 
3 307 328 306 
3 325 328 307 
3 325 326 329 
3 313 330 326 
3 311 331 313 
3 319 332 311 
3 312 310 317 
3 312 319 311 
3 314 305 310 
3 314 311 313 
3 299 333 300 
3 334 335 336 
3 334 337 335 
3 334 338 337 
3 334 339 338 
3 334 340 339 
3 334 341 340 
3 334 342 341 
3 334 336 342 
3 336 343 344 
3 336 335 343 
3 335 345 343 
3 335 337 345 
3 337 346 345 
3 337 338 346 
3 338 347 346 
3 338 339 347 
3 339 348 347 
3 339 340 348 
3 340 349 348 
3 340 341 349 
3 341 350 349 
3 341 342 350 
3 342 344 350 
3 342 336 344 
3 344 351 352 
3 344 343 351 
3 343 353 351 
3 343 345 353 
3 345 354 353 
3 345 346 354 
3 346 355 354 
3 346 347 355 
3 347 356 355 
3 347 348 356 
3 348 357 356 
3 348 349 357 
3 349 358 357 
3 349 350 358 
3 350 352 358 
3 350 344 352 
3 359 357 358 
3 359 356 357 
3 359 355 356 
3 359 354 355 
3 359 353 354 
3 359 351 353 
3 359 352 351 
3 359 358 352 
3 360 361 362 
3 360 362 363 
3 360 363 364 
3 360 364 365 
3 360 365 366 
3 360 366 367 
3 360 367 368 
3 360 368 361 
3 369 370 371 
3 369 371 372 
3 362 373 374 
3 362 374 363 
3 363 374 375 
3 363 375 364 
3 376 377 378 
3 376 378 379 
3 380 381 382 
3 380 382 383 
3 384 385 386 
3 384 386 387 
3 367 388 389 
3 367 389 368 
3 368 389 390 
3 368 390 361 
3 390 391 392 
3 390 392 373 
3 373 392 393 
3 373 393 374 
3 374 393 394 
3 374 394 375 
3 375 394 395 
3 375 395 396 
3 396 395 397 
3 396 397 398 
3 398 397 399 
3 398 399 388 
3 388 399 400 
3 388 400 389 
3 389 400 391 
3 389 391 390 
3 401 400 399 
3 401 399 397 
3 401 397 395 
3 401 395 394 
3 401 394 393 
3 401 393 392 
3 401 392 391 
3 401 391 400 
3 402 365 396 
3 396 403 402 
3 403 396 398 
3 398 404 403 
3 404 398 366 
3 366 405 404 
3 405 366 365 
3 365 402 405 
3 380 402 403 
3 403 381 380 
3 381 403 404 
3 404 382 381 
3 382 404 405 
3 405 383 382 
3 383 405 402 
3 402 380 383 
3 406 366 398 
3 398 407 406 
3 407 398 388 
3 388 408 407 
3 408 388 367 
3 367 409 408 
3 409 367 366 
3 366 406 409 
3 384 406 407 
3 407 385 384 
3 385 407 408 
3 408 386 385 
3 386 408 409 
3 409 387 386 
3 387 409 406 
3 406 384 387 
3 410 364 375 
3 375 411 410 
3 411 375 396 
3 396 412 411 
3 412 396 365 
3 365 413 412 
3 413 365 364 
3 364 410 413 
3 376 410 411 
3 411 377 376 
3 377 411 412 
3 412 378 377 
3 378 412 413 
3 413 379 378 
3 379 413 410 
3 410 376 379 
3 414 361 390 
3 390 415 414 
3 415 390 373 
3 373 416 415 
3 416 373 362 
3 362 417 416 
3 417 362 361 
3 361 414 417 
3 369 414 415 
3 415 370 369 
3 370 415 416 
3 416 371 370 
3 371 416 417 
3 417 372 371 
3 372 417 414 
3 414 369 372 
3 418 419 420 
3 418 420 421 
3 419 422 423 
3 419 423 420 
3 422 424 425 
3 422 425 423 
3 424 426 427 
3 424 427 425 
3 426 428 429 
3 426 429 427 
3 428 418 421 
3 428 421 429 
3 430 431 432 
3 430 432 433 
3 430 433 434 
3 430 434 435 
3 430 435 436 
3 430 436 437 
3 430 437 438 
3 430 438 431 
3 431 439 440 
3 431 440 432 
3 432 440 441 
3 432 441 433 
3 433 441 442 
3 433 442 434 
3 434 442 443 
3 434 443 435 
3 435 443 444 
3 435 444 436 
3 436 444 445 
3 436 445 437 
3 437 445 446 
3 437 446 438 
3 438 446 439 
3 438 439 431 
3 439 447 448 
3 439 448 440 
3 440 448 449 
3 440 449 441 
3 441 449 450 
3 441 450 442 
3 442 450 451 
3 442 451 443 
3 443 451 452 
3 443 452 444 
3 444 452 453 
3 444 453 445 
3 445 453 454 
3 445 454 446 
3 446 454 447 
3 446 447 439 
3 455 454 453 
3 455 453 452 
3 455 452 451 
3 455 451 450 
3 455 450 449 
3 455 449 448 
3 455 448 447 
3 455 447 454 
3 456 457 458 
3 456 458 459 
3 457 460 461 
3 457 461 458 
3 460 462 463 
3 460 463 461 
3 462 464 465 
3 462 465 463 
3 464 466 467 
3 464 467 465 
3 466 456 459 
3 466 459 467 
3 468 469 470 
3 471 468 470 
3 472 471 470 
3 473 472 470 
3 474 473 470 
3 475 474 470 
3 476 475 470 
3 469 476 470 
3 477 478 479 
3 480 477 479 
3 481 482 468 
3 471 481 468 
3 483 481 471 
3 472 483 471 
3 484 485 486 
3 487 484 486 
3 488 489 490 
3 491 488 490 
3 492 493 494 
3 495 492 494 
3 496 497 475 
3 476 496 475 
3 498 496 476 
3 469 498 476 
3 499 500 498 
3 482 499 498 
3 501 499 482 
3 481 501 482 
3 502 501 481 
3 483 502 481 
3 503 502 483 
3 504 503 483 
3 505 503 504 
3 506 505 504 
3 507 505 506 
3 497 507 506 
3 508 507 497 
3 496 508 497 
3 500 508 496 
3 498 500 496 
3 507 508 509 
3 505 507 509 
3 503 505 509 
3 502 503 509 
3 501 502 509 
3 499 501 509 
3 500 499 509 
3 508 500 509 
3 504 473 510 
3 510 511 504 
3 506 504 511 
3 511 512 506 
3 474 506 512 
3 512 513 474 
3 473 474 513 
3 513 510 473 
3 511 510 490 
3 490 489 511 
3 512 511 489 
3 489 488 512 
3 513 512 488 
3 488 491 513 
3 510 513 491 
3 491 490 510 
3 506 474 514 
3 514 515 506 
3 497 506 515 
3 515 516 497 
3 475 497 516 
3 516 517 475 
3 474 475 517 
3 517 514 474 
3 515 514 494 
3 494 493 515 
3 516 515 493 
3 493 492 516 
3 517 516 492 
3 492 495 517 
3 514 517 495 
3 495 494 514 
3 483 472 518 
3 518 519 483 
3 504 483 519 
3 519 520 504 
3 473 504 520 
3 520 521 473 
3 472 473 521 
3 521 518 472 
3 519 518 486 
3 486 485 519 
3 520 519 485 
3 485 484 520 
3 521 520 484 
3 484 487 521 
3 518 521 487 
3 487 486 518 
3 498 469 522 
3 522 523 498 
3 482 498 523 
3 523 524 482 
3 468 482 524 
3 524 525 468 
3 469 468 525 
3 525 522 469 
3 523 522 479 
3 479 478 523 
3 524 523 478 
3 478 477 524 
3 525 524 477 
3 477 480 525 
3 522 525 480 
3 480 479 522 
3 526 527 528 
3 529 526 528 
3 530 531 527 
3 526 530 527 
3 532 533 531 
3 530 532 531 
3 534 535 533 
3 532 534 533 
3 536 537 535 
3 534 536 535 
3 529 528 537 
3 536 529 537 
3 538 539 540 
3 541 538 540 
3 542 541 540 
3 543 542 540 
3 544 543 540 
3 545 544 540 
3 546 545 540 
3 539 546 540 
3 547 548 539 
3 538 547 539 
3 549 547 538 
3 541 549 538 
3 550 549 541 
3 542 550 541 
3 551 550 542 
3 543 551 542 
3 552 551 543 
3 544 552 543 
3 553 552 544 
3 545 553 544 
3 554 553 545 
3 546 554 545 
3 548 554 546 
3 539 548 546 
3 555 556 548 
3 547 555 548 
3 557 555 547 
3 549 557 547 
3 558 557 549 
3 550 558 549 
3 559 558 550 
3 551 559 550 
3 560 559 551 
3 552 560 551 
3 561 560 552 
3 553 561 552 
3 540 561 553 
3 554 540 553 
3 556 540 554 
3 548 556 554 
3 561 540 539 
3 560 561 539 
3 559 560 539 
3 558 559 539 
3 557 558 539 
3 555 557 539 
3 556 555 539 
3 540 556 539 
3 562 563 564 
3 562 565 563 
3 562 566 565 
3 562 567 566 
3 562 568 567 
3 562 569 568 
3 562 570 569 
3 562 564 570 
3 564 571 572 
3 564 563 571 
3 563 573 571 
3 563 565 573 
3 565 574 573 
3 565 566 574 
3 566 575 574 
3 566 567 575 
3 567 576 575 
3 567 568 576 
3 568 577 576 
3 568 569 577 
3 569 578 577 
3 569 570 578 
3 570 572 578 
3 570 564 572 
3 572 579 580 
3 572 571 579 
3 571 581 579 
3 571 573 581 
3 573 582 581 
3 573 574 582 
3 574 583 582 
3 574 575 583 
3 575 584 583 
3 575 576 584 
3 576 585 584 
3 576 577 585 
3 577 586 585 
3 577 578 586 
3 578 580 586 
3 578 572 580 
3 587 585 586 
3 587 584 585 
3 587 583 584 
3 587 582 583 
3 587 581 582 
3 587 579 581 
3 587 580 579 
3 587 586 580 
3 588 589 590 
3 591 588 590 
3 592 593 589 
3 588 592 589 
3 594 595 593 
3 592 594 593 
3 596 597 595 
3 594 596 595 
3 598 599 597 
3 596 598 597 
3 591 590 599 
3 598 591 599 
3 600 601 602 
3 601 600 603 
3 601 604 602 
3 604 605 602 
3 606 607 608 
3 608 607 609 
3 607 610 609 
3 607 611 610 
3 611 612 610 
3 612 613 610 
3 614 615 616 
3 614 617 615 
3 615 617 618 
3 617 619 618 
3 618 619 620 
3 621 622 606 
3 621 623 622 
3 622 623 624 
3 623 625 624 
3 624 625 626 
3 627 628 629 
3 629 628 630 
3 630 628 631 
3 631 632 630 
3 631 633 632 
3 633 634 632 
3 635 627 629 
3 635 629 636 
3 635 637 638 
3 637 635 636 
3 637 636 639 
3 636 629 630 
3 630 640 636 
3 636 640 639 
3 639 640 641 
3 640 630 632 
3 632 642 640 
3 640 642 641 
3 641 642 643 
3 642 644 643 
3 643 644 645 
3 644 646 645 
3 645 646 647 
3 648 634 633 
3 648 649 634 
3 648 650 649 
3 648 651 650 
3 652 651 648 
3 652 653 651 
3 654 653 652 
3 646 655 647 
3 646 656 655 
3 656 657 655 
3 657 658 655 
3 659 660 651 
3 653 659 651 
3 651 660 650 
3 659 661 660 
3 661 662 660 
3 661 663 662 
3 662 663 664 
3 663 665 664 
3 664 665 666 
3 634 642 632 
3 634 644 642 
3 649 644 634 
3 650 644 649 
3 667 668 644 
3 650 667 644 
3 667 669 668 
3 668 669 670 
3 669 671 670 
3 670 671 672 
3 673 674 675 
3 674 673 676 
3 674 677 675 
3 677 678 675 
3 679 680 681 
3 680 679 682 
3 680 683 681 
3 683 684 681 
3 676 673 603 
3 603 600 682 
3 682 679 659 
3 682 659 653 
3 685 653 686 
3 686 653 654 
3 685 603 653 
3 603 682 653 
3 685 676 603 
3 687 688 689 
3 687 690 688 
3 690 691 688 
3 691 692 688 
3 693 694 695 
3 695 694 696 
3 694 697 696 
3 696 697 698 
3 695 696 690 
3 695 690 687 
3 695 687 644 
3 699 700 701 
3 702 701 700 
3 699 703 700 
3 699 704 703 
3 705 706 707 
3 708 706 705 
3 708 709 706 
3 709 710 706 
3 709 711 710 
3 709 712 711 
3 713 714 715 
3 714 716 715 
3 717 716 714 
3 717 718 716 
3 719 718 717 
3 707 720 721 
3 720 722 721 
3 723 722 720 
3 723 724 722 
3 725 724 723 
3 726 727 728 
3 729 727 726 
3 730 727 729 
3 729 731 730 
3 731 732 730 
3 731 733 732 
3 726 728 734 
3 735 726 734 
3 638 637 734 
3 735 734 637 
3 639 735 637 
3 729 726 735 
3 735 736 729 
3 639 736 735 
3 641 736 639 
3 731 729 736 
3 736 737 731 
3 641 737 736 
3 643 737 641 
3 643 738 737 
3 645 738 643 
3 645 739 738 
3 647 739 645 
3 732 733 740 
3 733 741 740 
3 741 742 740 
3 742 743 740 
3 740 743 744 
3 743 745 744 
3 744 745 746 
3 647 655 739 
3 655 747 739 
3 655 748 747 
3 655 749 748 
3 743 750 751 
3 743 751 745 
3 742 750 743 
3 750 752 751 
3 750 753 752 
3 753 754 752 
3 755 754 753 
3 755 756 754 
3 757 756 755 
3 731 737 733 
3 737 738 733 
3 733 738 741 
3 741 738 742 
3 738 758 759 
3 738 759 742 
3 758 760 759 
3 761 760 758 
3 761 762 760 
3 763 762 761 
3 764 765 766 
3 767 766 765 
3 764 768 765 
3 764 769 768 
3 770 771 772 
3 773 772 771 
3 770 774 771 
3 770 775 774 
3 702 766 767 
3 773 701 702 
3 751 772 773 
3 745 751 773 
3 776 745 777 
3 746 745 776 
3 745 702 777 
3 745 773 702 
3 702 767 777 
3 778 779 780 
3 779 781 780 
3 779 782 781 
3 779 783 782 
3 784 785 786 
3 787 785 784 
3 787 788 785 
3 789 788 787 
3 781 787 784 
3 780 781 784 
3 738 780 784 
3 606 608 634 
3 695 687 649 
3 616 707 649 
3 708 616 660 
3 713 707 705 
3 790 791 792 
3 791 793 792 
3 794 791 790 
3 794 795 791 
3 796 797 798 
3 798 799 796 
3 800 799 798 
3 800 801 799 
3 800 802 801 
3 802 803 801 
3 802 790 803 
3 790 792 803 
3 792 793 803 
3 793 804 803 
3 805 801 803 
3 806 799 801 
3 807 796 808 
3 796 809 810 
3 796 811 797 
3 796 810 811 
3 796 812 813 
3 796 813 809 
3 812 654 813 
3 812 686 654 
3 807 812 796 
3 808 796 799 
3 814 808 799 
3 806 814 799 
3 815 806 801 
3 805 815 801 
3 804 805 803 
3 798 797 816 
3 816 817 798 
3 798 817 800 
3 817 818 800 
3 818 802 800 
3 818 819 802 
3 819 790 802 
3 819 794 790 
3 819 795 794 
3 819 820 795 
3 819 818 821 
3 818 817 822 
3 823 816 824 
3 825 826 816 
3 797 827 816 
3 827 825 816 
3 828 829 816 
3 826 828 816 
3 828 746 829 
3 746 776 829 
3 816 829 824 
3 817 816 823 
3 817 823 830 
3 817 830 822 
3 818 822 831 
3 818 831 821 
3 819 821 820 
3 832 815 805 
3 833 814 806 
3 834 808 814 
3 808 835 807 
3 836 812 807 
3 810 627 635 
3 635 811 810 
3 837 838 839 
3 837 839 840 
3 837 840 841 
3 837 841 842 
3 837 842 843 
3 837 843 844 
3 837 844 845 
3 837 845 838 
3 809 846 810 
3 810 846 847 
3 810 847 627 
3 627 847 848 
3 813 846 809 
3 813 849 846 
3 813 654 849 
3 654 652 850 
3 654 850 849 
3 850 652 851 
3 652 648 851 
3 851 648 852 
3 852 648 633 
3 633 853 852 
3 853 633 631 
3 631 848 853 
3 631 628 848 
3 628 627 848 
3 797 811 638 
3 811 635 638 
3 835 836 807 
3 834 835 808 
3 833 834 814 
3 833 806 815 
3 832 833 815 
3 832 805 804 
3 793 832 804 
3 821 831 854 
3 822 830 855 
3 830 823 856 
3 824 857 823 
3 824 829 858 
3 734 728 825 
3 825 827 734 
3 859 860 861 
3 862 859 861 
3 863 862 861 
3 864 863 861 
3 865 864 861 
3 866 865 861 
3 867 866 861 
3 860 867 861 
3 825 868 826 
3 869 868 825 
3 728 869 825 
3 870 869 728 
3 826 868 828 
3 868 871 828 
3 871 746 828 
3 872 744 746 
3 871 872 746 
3 873 744 872 
3 873 740 744 
3 874 740 873 
3 732 740 874 
3 874 875 732 
3 730 732 875 
3 875 870 730 
3 870 727 730 
3 870 728 727 
3 638 827 797 
3 638 734 827 
3 824 858 857 
3 823 857 856 
3 830 856 855 
3 831 822 855 
3 831 855 854 
3 820 821 854 
3 820 854 795 
3 838 850 851 
3 838 851 839 
3 839 851 852 
3 839 852 840 
3 840 852 853 
3 840 853 841 
3 841 853 848 
3 841 848 842 
3 842 848 847 
3 842 847 843 
3 843 847 846 
3 843 846 844 
3 844 846 849 
3 844 849 845 
3 845 849 850 
3 845 850 838 
3 873 872 860 
3 859 873 860 
3 874 873 859 
3 862 874 859 
3 875 874 862 
3 863 875 862 
3 870 875 863 
3 864 870 863 
3 869 870 864 
3 865 869 864 
3 868 869 865 
3 866 868 865 
3 871 868 866 
3 867 871 866 
3 872 871 867 
3 860 872 867 
3 876 877 878 
3 878 877 879 
3 879 880 878 
3 880 879 881 
3 876 882 877 
3 882 883 877 
3 882 884 883 
3 882 885 884 
3 885 886 884 
3 886 887 884 
3 886 888 887 
3 888 889 887 
3 890 891 892 
3 893 876 878 
3 893 878 894 
3 894 878 895 
3 895 878 880 
3 890 896 891 
3 890 897 896 
3 890 898 897 
3 899 900 885 
3 900 886 885 
3 900 901 886 
3 901 888 886 
3 902 893 894 
3 902 903 893 
3 902 904 903 
3 904 905 903 
3 905 899 903 
3 905 900 899 
3 906 876 893 
3 893 907 906 
3 907 893 903 
3 903 908 907 
3 909 882 876 
3 876 906 909 
3 910 885 882 
3 882 909 910 
3 908 903 899 
3 899 911 908 
3 911 899 885 
3 885 910 911 
3 912 906 907 
3 907 913 912 
3 913 907 908 
3 908 914 913 
3 915 909 906 
3 906 912 915 
3 916 910 909 
3 909 915 916 
3 914 908 911 
3 911 917 914 
3 917 911 910 
3 910 916 917 
3 918 912 913 
3 913 919 918 
3 919 913 914 
3 914 920 919 
3 921 915 912 
3 912 918 921 
3 922 916 915 
3 915 921 922 
3 920 914 917 
3 917 923 920 
3 923 917 916 
3 916 922 923 
3 924 918 919 
3 919 925 924 
3 925 919 920 
3 920 926 925 
3 927 921 918 
3 918 924 927 
3 928 922 921 
3 921 927 928 
3 926 920 923 
3 923 929 926 
3 929 923 922 
3 922 928 929 
3 930 924 925 
3 925 931 930 
3 931 925 926 
3 926 932 931 
3 933 927 924 
3 924 930 933 
3 934 928 927 
3 927 933 934 
3 932 926 929 
3 929 935 932 
3 935 929 928 
3 928 934 935 
3 936 930 931 
3 931 937 936 
3 937 931 932 
3 932 938 937 
3 939 933 930 
3 930 936 939 
3 940 934 933 
3 933 939 940 
3 938 932 935 
3 935 941 938 
3 941 935 934 
3 934 940 941 
3 891 936 937 
3 937 892 891 
3 892 937 938 
3 938 890 892 
3 896 939 936 
3 936 891 896 
3 897 940 939 
3 939 896 897 
3 890 938 941 
3 941 898 890 
3 898 941 940 
3 940 897 898 
3 884 942 883 
3 883 942 943 
3 942 944 943 
3 944 945 943 
3 944 946 945 
3 946 947 945 
3 946 948 947 
3 948 949 947 
3 948 950 949 
3 946 950 948 
3 946 951 950 
3 946 944 952 
3 944 942 953 
3 954 884 887 
3 942 884 954 
3 942 954 955 
3 942 955 953 
3 944 953 956 
3 944 956 952 
3 946 952 951 
3 883 957 877 
3 943 957 883 
3 943 958 957 
3 943 945 958 
3 945 959 958 
3 945 947 959 
3 947 960 959 
3 947 949 960 
3 949 961 960 
3 960 961 959 
3 961 962 959 
3 963 958 959 
3 964 957 958 
3 879 877 965 
3 965 877 957 
3 966 965 957 
3 964 966 957 
3 967 964 958 
3 963 967 958 
3 962 963 959 
3 952 956 968 
3 953 955 969 
3 955 954 970 
3 887 971 954 
3 887 889 971 
3 954 971 970 
3 955 970 969 
3 956 953 969 
3 956 969 968 
3 951 952 968 
3 951 968 950 
3 972 967 963 
3 973 966 964 
3 974 965 966 
3 965 975 879 
3 975 881 879 
3 974 975 965 
3 973 974 966 
3 973 964 967 
3 972 973 967 
3 972 963 962 
3 961 972 962 
